5
20
-0,8237044 -0,5153449 -0,1609172 -0,7082028 -0,9842799 -1,067764 -0,1665689 -0,8129208 -0,8900578 -0,4054539 -0,3502618 -2,17432 -1,449623 -0,7351103 -0,1680367 -1,121441 -0,9367306 -1,385671 -0,04091942 -2,497353 
-0,7014861 -0,6151884 -0,5326197 -0,8210024 -0,8962903 -0,6868935 -0,2200572 -2,711702 -0,3220894 -0,3308221 -1,741276 -0,9884713 -0,705319 -1,588896 -0,1587125 -0,04321873 -0,2924181 -0,5945196 -0,8420222 -0,5088851 
-0,5942886 -1,565708 -0,0203377 -0,9872851 -0,4142286 -0,8145225 -0,3263163 -0,9882376 -0,175445 -0,7637844 -0,9492795 -0,09728777 -1,401016 -2,087128 -0,8349386 -1,605208 -1,320524 -2,071715 -0,1545728 -2,207642 
-0,5990006 -1,203013 -0,6168487 -0,418177 -2,625861 -0,9229673 -0,05987513 -3,162996 -0,2993773 -0,6245444 -1,997829 -0,6277401 -0,07771075 -1,495142 -0,03587162 -1,132704 -1,010359 -0,8148723 -0,2454721 -0,4736327 
-0,8640325 -1,65189 -1,498984 -0,4951159 -0,1363364 -0,7293713 -0,925647 -0,4577368 -0,3528484 -0,7730832 -1,592352 -0,5097356 -1,354778 -0,7917111 -0,04026687 -1,838247 -0,8176756 -0,7418773 -0,2561358 -0,05252612 
-0,3373207 -0,03955543 0,974041 0,5714507 0,175053 -0,7241735 -0,3076514 0,008265853 -0,9247782 -0,7513096 0,5372932 0,3897657 -0,6913795 0,9803803 0,5726867 0,09897912 -0,1548988 -0,9718132 0,4849045 0,42771 
20
20
-0,3930731 -0,2428225 -1225,445 -0,685147 -1220,365 -0,6049738 -0,2200664 -0,7009161 -0,8924336 -0,09222472 -0,6733568 -0,5518879 -0,156944 -0,07948506 -0,9150579 -0,4143313 -7,740021 -0,5421247 -0,5490251 -0,2071378 
-1275,759 -0,6262204 -0,8995802 -0,3753777 -0,2075478 -26,62463 -0,4782204 -0,4366723 -0,2323273 -0,3217536 -0,5029805 -6,68402 -0,5551028 -22,60187 -0,6874428 -0,7962241 -0,2479018 -0,2163562 -0,04131558 -0,2078109 
-0,2442353 -0,3101262 -0,7087846 -0,4067488 -0,1190727 -0,6024964 -38,82861 -0,3534106 -0,9341249 -0,8692856 -0,1759978 -0,7629735 -0,417241 -0,3754839 -0,1796739 -0,3315509 -0,9462972 -0,430709 -0,3564461 -5,203228 
-0,4917265 -0,4656652 -0,4076984 -0,5152299 -0,3997308 -26,54203 -0,261855 -0,8434996 -0,5445931 -0,08166435 -20,425 -0,1128913 -0,5888451 -0,1313449 -0,183696 -0,5821602 -0,5474179 -4,546458 -0,1092165 -5,227302 
-0,0700928 -0,5037794 -1225,089 -0,03843462 -0,5561039 -0,5711775 -0,5475144 -0,08780891 -0,4537359 -0,06376293 -0,8990433 -0,05336564 -0,466966 -22,56224 -0,2602343 -0,2769085 -0,1307517 -4,424159 -0,1559861 -0,3382987 
-0,3862219 -0,236859 -1225,304 -0,5221137 -0,1104188 -0,8459411 -0,04344799 -0,4425693 -0,9240496 -0,2661947 -20,51929 -0,8177731 -0,457466 -0,01302703 -0,01096044 -0,30063 -0,7961149 -0,2838045 -0,6307875 -0,683409 
-0,3273977 -0,8216276 -1225,179 -0,4405998 -0,4403898 -0,1541885 -0,112748 -0,2384709 -0,2829183 -0,6125414 -0,7328303 -0,198459 -0,5009429 -22,85647 -0,9058516 -0,819756 -0,8123405 -4,200629 -0,3732868 -0,1926564 
-0,3698773 -0,004896306 -1225,454 -0,2660812 -1220,386 -26,72411 -0,0776601 -0,2015148 -0,8058095 -0,1311853 -0,04972303 -0,5946457 -0,129935 -0,7535002 -0,3067509 -0,5729753 -0,7190289 -0,07681373 -10,84738 -0,2217446 
-0,8161457 -0,1258785 -0,006264601 -0,1417936 -0,1921343 -26,69675 -0,3329669 -0,5291049 -0,6396506 -14,77384 -0,9767752 -0,2012915 -0,04381001 -22,97902 -0,004728126 -0,2992147 -0,3815688 -0,08154666 -0,1822171 -0,6784 
-1275,804 -0,08815205 -0,0005370378 -0,5889721 -0,2960049 -26,51207 -39,10999 -0,2868928 -0,8128221 -0,4197425 -0,5382545 -0,9547143 -0,1011823 -23,32737 -0,1360112 -0,4128624 -0,3627487 -4,347167 -0,5415356 -0,4222378 
-0,2355822 -0,4021598 -1225,143 -0,9102118 -1220,514 -26,66093 -0,223239 -0,05598361 -0,5432239 -0,4555053 -0,5965271 -6,700252 -0,06318176 -22,8899 -0,1159659 -0,5302805 -0,7364042 -4,551154 -0,7284176 -5,460342 
-0,2221936 -0,1518177 -0,2813612 -0,3346519 -1220,104 -26,79704 -0,7962756 -0,01230228 -0,7654152 -0,06230285 -0,7673471 -0,3892578 -0,01707288 -22,71591 -0,2934033 -0,816669 -0,4210168 -0,1699561 -0,04013564 -0,8642929 
-0,01103948 -0,7577283 -0,7503307 -0,4849503 -0,9466031 -0,6603518 -0,4892315 -0,8016888 -0,05320013 -0,8478703 -0,3381218 -0,1505102 -0,1841426 -0,7484987 -0,5023803 -0,7781007 -0,6415889 -4,085028 -0,3413602 -5,252151 
-0,8978913 -0,1484212 -1225,446 -0,09104709 -1220,628 -0,3818904 -39,10021 -0,6335256 -0,2322897 -0,7860167 -20,50521 -0,06894024 -0,5335785 -23,14679 -0,1300942 -0,6371489 -0,7606646 -4,289889 -0,2198517 -5,350109 
-0,9867837 -0,1171998 -0,2986708 -0,2576528 -1220,483 -0,600352 -0,02097547 -0,309744 -0,5376813 -0,2007686 -20,39259 -0,221944 -0,9107223 -0,6824474 -0,08013377 -0,002752267 -0,4995995 -0,06436637 -0,7405708 -0,08316564 
-0,4213681 -0,5691003 -0,7939241 -0,9085419 -1220,01 -0,1234414 -39,02355 -0,3753756 -0,5751845 -0,3141893 -0,2637099 -0,1083731 -0,02821037 -0,9977975 -0,2635461 -0,5815015 -0,5879242 -4,280592 -10,88443 -0,1886581 
-1275,856 -0,5852618 -0,3737705 -0,4787194 -0,1726769 -26,94749 -38,84726 -0,4946193 -0,3299586 -0,1180425 -0,310499 -0,07739341 -0,164726 -23,25273 -0,04532819 -0,5337431 -0,143581 -4,469222 -10,9578 -5,55968 
-0,6548808 -0,2569982 -1224,975 -0,647902 -1220,811 -0,4154152 -0,6124368 -0,3604417 -0,2293662 -0,6123128 -0,0581013 -0,1232408 -0,2121955 -0,2318717 -0,3801467 -0,3629185 -0,6027653 -0,04080641 -0,6741388 -0,6320381 
-0,5085065 -0,2660739 -0,3322016 -0,5748841 -0,5308435 -0,7027249 -0,5332081 -0,4475964 -0,5508919 -0,594964 -0,02680312 -0,1028847 -0,6907654 -23,08221 -0,04671395 -0,1249797 -0,7578137 -0,7405953 -0,5591712 -0,2395413 
-0,5603271 -0,2534629 -0,1629704 -0,6481032 -1220,817 -27,14671 -0,007853389 -0,4554127 -0,04815921 -0,131355 -0,001614634 -0,2687141 -0,3894151 -0,9044409 -0,5621738 -0,2236434 -0,302537 -0,4170948 -0,1176307 -5,348354 
-0,9234672 0,6170948 0,02603877 -0,5137453 -0,9435828 -0,864459 -0,9065766 -0,212413 0,4719014 0,887857 -0,722595 0,09648335 -0,2293822 -0,6832573 -0,1777767 0,1454381 -0,4326969 -0,2788247 0,7117043 0,6991522 
20
17
-0,09927619 14,11481 -0,2020961 -225,7917 -0,6492314 -0,8163471 -0,6620376 -0,9987681 -0,2884091 -0,00793605 -0,5987455 -2,757809 -0,65114 -2,674961 -0,6487496 50,26476 21,79643 
10,55429 14,14187 13,70862 -226,1116 -0,1393942 -0,3336526 -0,6959594 -0,5229063 -0,004750068 -0,02227056 -0,1107808 -3,382692 -0,2243536 -2,645736 10,52016 -0,9312203 21,94769 
-0,4289945 14,63143 13,3765 -225,5835 -0,008679748 -0,4396521 -0,748518 -0,003730655 -0,4728995 -0,3089222 -0,3445444 -0,8147185 -0,439263 -2,388857 10,92761 50,74775 21,47276 
10,20587 14,60778 13,25897 -226,4194 -0,3467203 -9,277298 -0,1895579 -0,1159977 -0,2326496 -0,4179252 -0,3954015 -0,7151008 -0,008886425 -0,4183952 10,42571 50,67152 -0,1765081 
-0,3679188 -0,5336874 13,0313 -226,2043 -0,478441 -0,831008 -0,4197282 -0,8366449 -0,2027298 -17,34758 -0,8403628 -2,755173 -0,1656758 -0,3163551 10,81509 50,63222 21,03776 
-0,4716021 -0,2326339 -0,6085198 -226,0374 -0,1540824 -8,918097 -0,2878278 -0,1680096 -0,5829735 -17,69383 -0,2598315 -0,3156856 -0,4085332 -2,933134 10,66174 -0,3332969 -0,1892401 
-0,1117305 14,22533 -0,8707054 -0,9391258 -0,1047806 -8,499161 -0,7761148 -0,6498892 -0,6943564 -0,2379553 -0,318277 -0,8099451 -0,554085 -0,3678964 10,68935 -0,8879626 -0,9293656 
-0,3126775 14,77099 -0,2357918 -226,441 -0,9532037 -8,66839 -0,160509 28,04016 -0,2738379 -0,2578844 -0,02746091 -0,1890839 -0,3422629 -0,3561774 -0,6018717 50,39923 21,69201 
10,33874 -0,3579749 13,65162 -226,1556 -0,5157146 -9,411316 -0,5879943 27,43055 -0,1989613 -0,08798516 -0,32765 -2,610723 -0,02985796 -0,685921 10,4333 -0,09399807 -0,1964165 
10,63702 -0,7141442 -0,4664117 -225,7233 -0,762645 -9,080828 -0,9483442 -0,1325763 -0,452195 -0,3405523 -0,7323228 -0,8732536 -0,2512034 -0,1081077 10,943 50,65626 -0,2953478 
9,936698 13,98065 -0,8978221 -225,6851 -0,4486103 -8,992457 -0,1651284 -0,01288259 -0,4079717 -0,2412142 -0,1176895 -2,55201 -0,7090663 -2,755352 -0,856339 -0,6721511 -0,8226628 
-0,778692 14,63856 -0,06202877 -225,479 -0,02158868 -8,991843 -0,368149 27,44468 -0,05865848 -17,33911 -0,3015161 -0,3434969 -0,4460427 -2,460299 10,35659 50,83531 21,36136 
9,785986 14,46646 13,63105 -0,1978544 -0,8843548 -9,368052 -0,7092498 -0,9434817 -0,304381 -17,59507 -0,6357148 -2,753819 -0,3977607 -2,579296 10,31897 51,07436 21,96778 
10,02539 14,61099 13,4255 -0,1349558 -0,7127376 -9,018572 -0,4843227 28,08256 -0,9214873 -17,45974 -0,6654766 -0,8598614 -0,3123811 -0,9732296 -0,840143 -0,8926852 21,30847 
10,03217 -0,1476771 13,52823 -225,6561 -0,4209428 -8,628989 -0,1727218 28,1374 -0,7207474 -0,6471314 -0,9120448 -2,720785 -0,7716042 -0,2774576 -0,7039742 -0,005257964 -0,9369392 
-0,2819301 -0,7700965 13,99461 -0,1340958 -0,9641268 -0,0586406 -0,5237362 -0,2473477 -0,1427857 -17,75457 -0,1153525 -3,219902 -0,05240449 -0,03588273 -0,8353167 -0,9121013 21,71965 
10,34409 13,89873 13,86887 -0,2183424 -0,235046 -9,032648 -0,52226 27,9809 -0,07915836 -0,0374037 -0,06198106 -3,122853 -0,6002648 -0,06285341 -0,01815283 -0,634444 -0,9491086 
9,801308 14,67151 13,65438 -226,372 -0,5225291 -8,788217 -0,3266357 27,25395 -0,1057786 -0,6289802 -0,2237431 -0,09987628 -0,5986173 -0,2164591 10,24824 51,03226 21,92587 
9,848545 -0,4048549 13,8889 -0,05337751 -0,4584506 -0,471166 -0,05960286 -0,4599026 -0,1300974 -17,25692 -0,3763313 -2,89888 -0,5757251 -0,8751314 10,5268 -0,7808564 21,06067 
10,63614 -0,8692942 -0,3369542 -225,751 -0,2002906 -8,981953 -0,7661943 27,3301 -0,7234752 -0,110912 -0,3385631 -3,288914 -0,400998 -0,3648256 10,55615 -0,457203 20,99465 
0,8342102 -0,5695939 4,780293E-05 -0,8422515 -0,05279672 0,1634806 0,8105702 0,07433832 -0,5495572 0,7872019 -0,3910018 -0,8467379 -0,9639053 -0,3462683 -0,6828849 -0,2883846 0,8697565 
